City,Lat,Lng,Max Temp,Humidity,Cloudiness,Wind Speed,Country,Date
ushuaia,-54.8,-68.3,51.46,50,40,11.5,AR,1636170358
bengkulu,-3.8004,102.2655,79.27,80,100,7.78,ID,1636170351
manacapuru,-3.2997,-60.6206,79.38,75,41,1.99,BR,1636170622
hermanus,-34.4187,19.2345,55.9,76,17,4.68,ZA,1636170623
ribeira grande,38.5167,-28.7,69.69,90,100,24.54,PT,1636170625
punta arenas,-53.15,-70.9167,48.31,71,75,10.36,CL,1636170445
nikolskoye,59.7035,30.7861,43.88,85,100,10.56,RU,1636170627
rocha,-34.4833,-54.3333,58.05,77,100,14.76,UY,1636170628
airai,-8.9266,125.4092,80.1,45,72,3.0,TL,1636170630
gornopravdinsk,60.05,69.9,33.62,98,100,8.55,RU,1636170630
hanzhong,33.0728,107.0303,45.43,75,100,10.51,CN,1636170335
vaini,-21.2,-175.2,82.56,89,40,9.22,TO,1636170631
rikitea,-23.1203,-134.9692,75.09,81,55,11.56,PF,1636170633
lakes entrance,-37.8811,147.981,77.58,63,89,5.79,AU,1636170634
albany,42.6001,-73.9662,34.84,86,2,3.49,US,1636170595
sabha,27.0377,14.4283,69.1,29,0,12.03,LY,1636170636
diamantino,-14.4086,-56.4461,72.03,97,100,3.42,BR,1636170637
georgetown,5.4112,100.3354,87.75,74,20,5.01,MY,1636170639
kasama,-10.2129,31.1808,66.13,44,45,3.78,ZM,1636170549
sonoita,31.85,-112.8333,74.53,27,61,2.95,MX,1636170639
isangel,-19.55,169.2667,80.71,74,75,6.91,VU,1636170640
bronnoysund,65.4625,12.1997,37.67,93,75,4.61,NO,1636170641
baykit,61.67,96.37,21.13,95,100,5.66,RU,1636170642
nguruka,-5.1092,31.0419,67.78,76,89,2.01,TZ,1636170643
salinopolis,-0.6136,-47.3561,79.21,85,31,8.9,BR,1636170645
busselton,-33.65,115.3333,62.4,45,40,5.97,AU,1636170646
saskylakh,71.9167,114.0833,-3.17,91,91,17.27,RU,1636170647
karratha,-20.7377,116.8463,91.33,33,15,12.66,AU,1636170648
new norfolk,-42.7826,147.0587,74.7,89,100,6.31,AU,1636170649
dikson,73.5069,80.5464,19.47,90,100,13.98,RU,1636170422
sept-iles,50.2001,-66.3821,36.05,69,90,3.0,CA,1636170650
northam,51.0333,-4.2167,53.38,84,99,12.73,GB,1636170651
kapaa,22.0752,-159.319,80.58,82,75,5.01,US,1636170652
puerto ayora,-0.7393,-90.3518,69.4,75,100,9.31,EC,1636170653
tiksi,71.6872,128.8694,4.91,81,100,18.95,RU,1636170655
chimoio,-19.1164,33.4833,67.95,100,75,1.34,MZ,1636170582
victoria,22.2855,114.1577,85.96,77,2,1.01,HK,1636170528
kristiansund,63.1115,7.732,41.65,70,90,21.85,NO,1636170657
lagoa,39.05,-27.9833,68.29,88,100,29.01,PT,1636170658
kodiak,57.79,-152.4072,34.79,81,99,7.11,US,1636170659
sao filipe,14.8961,-24.4956,78.73,73,53,6.24,CV,1636170661
bathsheba,13.2167,-59.5167,79.41,89,75,12.66,BB,1636170662
mahebourg,-20.4081,57.7,79.25,78,40,6.91,MU,1636170663
batemans bay,-35.7167,150.1833,80.2,59,46,15.5,AU,1636170664
port elizabeth,-33.918,25.5701,61.09,82,0,6.91,ZA,1636170569
bambous virieux,-20.3428,57.7575,79.21,78,40,6.91,MU,1636170665
buala,-8.145,159.5921,85.53,61,59,7.34,SB,1636170666
touros,-5.1989,-35.4608,79.7,87,76,8.39,BR,1636170668
magaria,12.9983,8.9099,75.87,18,19,8.12,NE,1636170682
yellowknife,62.456,-114.3525,28.42,100,90,9.22,CA,1636170499
san pedro,14.35,121.0167,90.63,66,20,5.75,PH,1636170683
mataura,-46.1927,168.8643,67.48,35,100,1.99,NZ,1636170683
deniliquin,-35.5333,144.9667,77.29,43,100,15.52,AU,1636170487
beringovskiy,63.05,179.3167,1.31,84,7,4.23,RU,1636170684
qaqortoq,60.7167,-46.0333,21.65,90,44,7.63,GL,1636170686
upernavik,72.7868,-56.1549,10.13,70,5,5.46,GL,1636170688
alta floresta,-9.8756,-56.0861,71.4,99,100,3.13,BR,1636170689
amga,60.8953,131.9608,8.51,83,100,7.83,RU,1636170691
maragogi,-9.0122,-35.2225,76.75,91,99,7.83,BR,1636170692
klenovyy,48.1193,39.4588,42.8,92,44,6.69,UA,1636170694
bluff,-46.6,168.3333,67.8,72,99,11.12,NZ,1636170695
staraya kulatka,52.7167,47.6167,36.77,49,100,16.42,RU,1636170695
atuona,-9.8,-139.0333,78.24,74,3,17.02,PF,1636170697
kampot,10.6167,104.1833,86.05,66,100,5.82,KH,1636170698
saint-philippe,-21.3585,55.7679,81.48,71,0,6.82,RE,1636170698
saint george,37.1041,-113.5841,67.53,42,1,1.99,US,1636170634
arraial do cabo,-22.9661,-42.0278,69.19,80,11,6.44,BR,1636170700
yar-sale,66.8333,70.8333,28.02,97,100,13.4,RU,1636170701
provideniya,64.3833,-173.3,8.13,82,4,8.75,RU,1636170703
loa janan,-0.583,117.095,91.89,52,98,2.48,ID,1636170704
kostino,58.9097,53.2691,36.82,91,100,15.28,RU,1636170705
isabela,6.7085,121.9711,80.65,67,72,2.62,PH,1636170570
port alfred,-33.5906,26.891,63.43,82,100,5.08,ZA,1636170706
castro,-24.7911,-50.0119,62.11,93,93,2.21,BR,1636170708
bandarbeyla,9.4942,50.8122,77.27,74,2,6.06,SO,1636170709
lebu,-37.6167,-73.65,51.66,92,2,14.43,CL,1636170711
petropavlovsk-kamchatskiy,53.0452,158.6483,37.99,48,40,4.47,RU,1636170712
ayan,56.45,138.1667,21.43,87,100,19.91,RU,1636170714
butaritari,3.0707,172.7902,82.4,71,54,11.95,KI,1636170715
port lincoln,-34.7333,135.8667,62.22,79,98,18.37,AU,1636170717
hobart,-42.8794,147.3294,75.06,53,75,20.71,AU,1636170583
mont-dore,-22.2833,166.5833,78.78,61,83,9.66,NC,1636170672
la ronge,55.1001,-105.2842,35.85,87,90,3.44,CA,1636170718
yuzhno-kurilsk,44.0306,145.8556,46.78,64,68,1.74,RU,1636170719
inhambane,-23.865,35.3833,75.18,94,75,5.01,MZ,1636170719
ranong,9.9658,98.6348,82.33,68,100,5.06,TH,1636170488
tayoltita,24.0833,-105.9333,64.96,88,52,4.16,MX,1636170722
laurel,39.0993,-76.8483,42.24,83,1,0.0,US,1636170722
boyolangu,-8.1181,111.8935,87.4,64,64,2.71,ID,1636170723
hamilton,39.1834,-84.5333,41.36,80,1,0.0,US,1636170723
juneau,58.3019,-134.4197,42.22,95,90,5.75,US,1636170724
nouadhibou,20.931,-17.0347,69.78,68,0,17.27,MR,1636170726
lakhnadon,22.6,79.6,72.59,36,32,3.33,IN,1636170727
chokurdakh,70.6333,147.9167,-0.27,90,99,6.13,RU,1636170727
finnsnes,69.2296,17.9811,34.34,99,100,1.68,NO,1636170742
zhigansk,66.7697,123.3711,7.57,94,100,21.25,RU,1636170743
ponta do sol,32.6667,-17.1,67.71,64,8,8.57,PT,1636170744
tuktoyaktuk,69.4541,-133.0374,23.0,86,90,14.97,CA,1636170746
adrar,20.5022,-10.0711,66.63,43,57,9.98,MR,1636170747
qaanaaq,77.484,-69.3632,11.34,69,99,10.58,GL,1636170749
cape town,-33.9258,18.4232,56.12,80,40,5.75,ZA,1636170533
kavieng,-2.5744,150.7967,84.54,72,87,13.0,PG,1636170750
bambanglipuro,-7.95,110.2833,89.53,56,17,4.27,ID,1636170752
tukrah,32.5341,20.5791,73.83,39,32,5.32,LY,1636170753
bubaque,11.2833,-15.8333,83.21,76,7,10.02,GW,1636170754
khatanga,71.9667,102.5,6.51,92,100,20.29,RU,1636170756
sidi ali,36.0998,0.4206,50.81,87,100,15.82,DZ,1636170757
tromso,69.6496,18.957,34.38,86,90,2.3,NO,1636170759
tiarei,-17.5333,-149.3333,80.62,72,99,7.94,PF,1636170760
hilo,19.7297,-155.09,81.28,75,1,4.61,US,1636170761
alofi,-19.0595,-169.9187,78.69,73,34,10.36,NU,1636170590
sorland,67.667,12.6934,42.06,81,92,33.91,NO,1636170763
komsomolskiy,40.4272,71.7189,36.32,55,75,0.0,UZ,1636170764
hoquiam,46.9809,-123.8893,48.99,46,90,8.05,US,1636170765
mbanza-ngungu,-5.25,14.8667,69.73,97,100,5.55,CD,1636170765
vao,-22.6667,167.4833,69.06,62,100,11.01,NC,1636170768
turinskaya sloboda,57.6232,64.3858,34.23,73,100,11.56,RU,1636170768
tual,-5.6667,132.75,84.06,70,75,3.49,ID,1636170770
trinidad,-14.8333,-64.9,75.58,86,76,2.44,BO,1636170770
guerrero negro,27.9769,-114.0611,66.52,87,42,8.55,MX,1636170771
fortuna,40.5982,-124.1573,52.41,69,1,5.01,US,1636170772
geraldton,-28.7667,114.6,72.01,46,0,16.11,AU,1636170533
annau,37.8876,58.516,29.7,80,55,2.3,TM,1636170773
shenjiamen,29.9576,122.298,67.66,88,67,23.89,CN,1636170774
lata,40.1629,-8.3327,49.82,82,0,4.43,PT,1636170775
ilulissat,69.2167,-51.1,0.73,73,36,7.61,GL,1636170776
batsfjord,70.6345,29.7185,35.73,99,100,26.08,NO,1636170777
kruisfontein,-34.0033,24.7314,57.18,82,100,3.83,ZA,1636170779
varkaus,62.3153,27.873,39.31,88,100,8.99,FI,1636170532
codrington,-38.2667,141.9667,65.84,85,98,16.31,AU,1636170780
mamakan,57.8161,114.0028,20.08,72,100,15.61,RU,1636170781
cabo san lucas,22.8909,-109.9124,77.5,71,52,6.96,MX,1636170783
nanganga,-10.3833,39.15,74.48,80,12,2.42,TZ,1636170783
cabinda,-5.55,12.2,77.0,89,100,5.37,AO,1636170785
kaitangata,-46.2817,169.8464,58.93,71,97,14.27,NZ,1636170787
along,28.1667,94.7667,74.79,39,67,0.74,IN,1636170787
aligudarz,33.4006,49.6949,44.31,78,99,4.12,IR,1636170788
mildura,-34.2,142.15,71.56,73,90,9.22,AU,1636170789
honiara,-9.4333,159.95,84.22,71,31,2.91,SB,1636170789
barrow,71.2906,-156.7887,26.62,80,90,27.63,US,1636170686
norman wells,65.282,-126.8329,17.64,93,90,0.0,CA,1636170802
avarua,-21.2078,-159.775,75.25,69,71,11.5,CK,1636170803
vieques,18.425,-65.8329,80.91,78,20,3.44,PR,1636170805
carutapera,-1.195,-46.02,76.91,91,99,5.39,BR,1636170806
high level,58.5169,-117.136,32.11,100,90,4.61,CA,1636170807
itoman,26.1247,127.6694,72.37,96,75,20.71,JP,1636170809
santa cruz de la palma,28.6835,-17.7642,68.14,68,75,9.22,ES,1636170809
conil,44.9673,3.7177,26.56,98,69,5.84,FR,1636170810
san cristobal,7.7669,-72.225,71.78,95,60,2.59,VE,1636170812
baherden,38.4362,57.4316,37.78,29,95,5.3,TM,1636170813
paamiut,61.994,-49.6678,27.1,93,96,16.17,GL,1636170815
cortez,37.3489,-108.5859,52.41,41,0,4.47,US,1636170816
nanortalik,60.1432,-45.2371,29.12,76,50,4.09,GL,1636170817
bo phloi,14.3236,99.5161,86.49,67,60,1.86,TH,1636170819
massakory,12.996,15.7293,80.4,20,3,9.55,TD,1636170819
bria,6.5423,21.9863,69.04,93,78,3.04,CF,1636170820
lompoc,34.6391,-120.4579,61.79,88,20,3.44,US,1636170822
bredasdorp,-34.5322,20.0403,47.28,93,18,0.0,ZA,1636170823
thompson,55.7435,-97.8558,30.36,100,75,4.61,CA,1636170824
chuy,-33.6971,-53.4616,60.71,75,100,13.42,UY,1636170825
kibala,9.1104,18.3463,73.35,94,0,0.0,TD,1636170827
camana,-16.6228,-72.7111,64.4,84,25,5.75,PE,1636170828
san quintin,30.4833,-115.95,63.7,89,2,4.52,MX,1636170830
camacha,33.0833,-16.3333,63.82,55,75,10.36,PT,1636170831
askarovo,53.3372,58.5089,27.55,24,98,13.42,RU,1636170832
khorinsk,52.1657,109.7726,18.57,46,6,8.72,RU,1636170833
dunedin,-45.8742,170.5036,55.8,71,73,18.99,NZ,1636170618
ahipara,-35.1667,173.1667,64.0,86,54,5.77,NZ,1636170835
sovetskaya gavan,48.9723,140.2878,49.6,53,14,11.34,RU,1636170835
bethel,41.3712,-73.414,43.7,79,0,3.04,US,1636170835
mar del plata,-38.0023,-57.5575,54.88,77,0,8.99,AR,1636170836
khorramshahr,30.4397,48.1664,62.56,63,0,2.3,IR,1636170838
lavrentiya,65.5833,-171.0,4.95,82,95,11.61,RU,1636170839
vila franca do campo,37.7167,-25.4333,70.21,82,99,17.36,PT,1636170841
krasnoselkup,65.7,82.4667,6.08,100,97,7.05,RU,1636170842
troitsko-pechorsk,62.7084,56.1964,36.36,97,100,13.0,RU,1636170843
te anau,-45.4167,167.7167,69.64,51,83,3.67,NZ,1636170607
jedrzejow,50.6394,20.3045,44.37,80,82,3.0,PL,1636170845
dongsheng,39.8161,109.9776,18.03,87,100,28.7,CN,1636170846
banda aceh,5.5577,95.3222,81.82,78,100,7.47,ID,1636170846
voznesenye,61.0106,35.4781,42.98,80,100,16.2,RU,1636170847
najran,17.4924,44.1277,56.05,25,100,1.23,SA,1636170848
sorrento,40.626,14.3744,63.79,54,75,10.36,IT,1636170849
eaglesfield,54.6406,-3.4044,51.4,94,100,5.01,GB,1636170850
pandamatenga,-18.5278,25.627,72.05,51,89,3.11,BW,1636170852
cherskiy,68.75,161.3,2.23,87,86,10.29,RU,1636170853
domoni,-12.2569,44.5319,80.51,77,81,2.57,KM,1636170855
tezu,27.9167,96.1667,77.47,29,39,3.13,IN,1636170859
umea,63.8284,20.2597,32.92,100,0,5.75,SE,1636170862
saint-pierre,-21.3393,55.4781,81.57,61,20,5.75,RE,1636170863
novoilinsk,51.6829,108.7143,19.78,32,0,5.5,RU,1636170865
kangaatsiaq,68.3065,-53.4641,19.62,62,35,7.29,GL,1636170865
nantucket,41.2835,-70.0995,47.97,62,5,11.7,US,1636170866
hithadhoo,-0.6,73.0833,78.71,84,100,16.13,MV,1636170867
ancud,-41.8697,-73.8203,49.53,84,4,3.4,CL,1636170867
tilichiki,60.4667,166.1,11.35,94,94,0.89,RU,1636170869
saldanha,-33.0117,17.9442,51.85,68,72,11.3,ZA,1636170870
cidreira,-30.1811,-50.2056,68.14,91,100,8.55,BR,1636170872
constitucion,-35.3333,-72.4167,50.52,91,3,3.96,CL,1636170873
namatanai,-3.6667,152.4333,85.8,66,72,10.96,PG,1636170875
cayenne,4.9333,-52.3333,79.09,91,20,3.0,GF,1636170877
veraval,20.9,70.3667,82.24,41,84,13.09,IN,1636170878
mundo nuevo,18.7,-95.5,74.88,78,69,11.16,MX,1636170879
boyuibe,-20.4167,-63.2833,52.74,89,100,10.85,BO,1636170879
riviera beach,26.7753,-80.0581,77.02,90,55,1.01,US,1636170881
siuna,13.7332,-84.7773,72.27,98,100,4.16,NI,1636170882
bireun,5.203,96.7009,83.3,74,77,6.42,ID,1636170883
tanout,14.9709,8.8879,77.36,16,100,9.33,NE,1636170883
borogontsy,62.6683,131.1683,7.5,86,100,7.11,RU,1636170884
praya,14.9215,-23.5087,75.74,83,20,13.8,CV,1636170886
tasiilaq,65.6145,-37.6368,14.27,81,99,7.18,GL,1636170887
yulara,-25.2406,130.9889,93.04,27,57,8.05,AU,1636170888
padang,-0.9492,100.3543,84.25,77,100,3.74,ID,1636170689
kongolo,-5.3833,27.0,66.4,97,99,2.17,CD,1636170889
ningxiang,37.34,111.2052,30.49,93,100,11.12,CN,1636170891
magadan,59.5667,150.8,29.53,93,100,2.17,RU,1636170892
emerald,-23.5333,148.1667,89.74,40,40,11.5,AU,1636170600
baghdad,33.3406,44.4009,57.11,58,0,8.05,IQ,1636170735
turayf,31.6725,38.6637,53.85,71,0,9.22,SA,1636170893
temir,49.1414,57.13,25.92,23,29,7.34,KZ,1636170895
scarborough,54.2797,-0.4044,51.08,88,100,4.0,GB,1636170896
liverpool,53.4106,-2.9779,51.66,89,75,1.99,GB,1636170796
pauini,-7.7136,-66.9764,72.79,87,97,1.95,BR,1636170898
bilibino,68.0546,166.4372,-13.29,98,71,4.16,RU,1636170899
ulaanbaatar,47.9077,106.8832,8.73,52,0,4.47,MN,1636170851
esperance,-33.8667,121.9,60.64,50,98,7.96,AU,1636170901
conceicao da barra,-18.5933,-39.7322,71.82,87,92,5.66,BR,1636170901
kerouane,9.2667,-9.0167,71.58,79,98,1.99,GN,1636170903
lubango,-14.9172,13.4925,66.02,61,99,1.83,AO,1636170904
shunyi,40.125,116.6453,54.95,100,90,4.47,CN,1636170906
iqaluit,63.7506,-68.5145,11.93,78,20,2.3,CA,1636170906
formosa,-26.1775,-58.1781,66.18,94,75,5.75,AR,1636170907
flagstaff,35.1981,-111.6513,55.06,44,1,0.0,US,1636170909
coihaique,-45.5752,-72.0662,40.95,93,0,2.3,CL,1636170910
pithiviers,48.1667,2.25,36.99,89,13,5.26,FR,1636170911
zhangye,38.9342,100.4517,19.72,61,100,13.58,CN,1636170922
krasnyy yar,46.5331,48.3456,33.73,49,5,12.44,RU,1636170922
horodok,49.1637,26.5839,45.52,69,100,7.74,UA,1636170924
la crosse,43.8014,-91.2396,49.93,60,1,5.01,US,1636170772
umkomaas,-30.2067,30.7978,72.68,77,98,9.62,ZA,1636170926
soroca,48.1558,28.2975,47.41,64,91,10.13,MD,1636170927
port hedland,-20.3167,118.5667,89.65,55,3,19.57,AU,1636170928
payo,-3.7508,103.6372,80.4,81,98,0.43,ID,1636170929
oussouye,12.485,-16.5469,78.98,78,44,6.11,SN,1636170929
hami,42.8,93.45,21.65,73,22,5.77,CN,1636170931
george town,5.4112,100.3354,87.75,74,20,5.01,MY,1636170639
caravelas,-17.7125,-39.2481,74.79,81,93,5.39,BR,1636170932
port shepstone,-30.7414,30.455,70.72,74,100,12.59,ZA,1636170933
saint-joseph,-21.3667,55.6167,80.47,68,0,7.29,RE,1636170935
rio verde de mato grosso,-18.9181,-54.8442,72.0,93,100,3.69,BR,1636170936
casper,42.8666,-106.3131,49.5,49,40,3.0,US,1636170938
kharhial,20.2833,82.7667,76.32,53,96,3.96,IN,1636170939
novorzhev,57.0294,29.3338,43.63,74,97,12.97,RU,1636170939
wodonga,-36.1167,146.8833,78.06,57,40,7.0,AU,1636170791
drumheller,51.4617,-112.7101,46.27,55,22,4.61,CA,1636170940
coos bay,43.3665,-124.2179,51.93,97,40,9.22,US,1636170866
sinnamary,5.3833,-52.95,77.79,90,93,7.9,GF,1636170941
gobabis,-22.45,18.9667,66.54,21,52,1.72,NA,1636170943
rimbey,52.6334,-114.2353,43.72,70,30,6.73,CA,1636170944
wau,7.7029,27.9953,73.27,77,45,4.07,SS,1636170945
kidal,18.4411,1.4078,79.05,18,0,4.5,ML,1636170675
moctezuma,29.8,-109.6667,70.84,25,100,2.77,MX,1636170947
hasaki,35.7333,140.8333,68.29,59,16,11.48,JP,1636170948
abu dhabi,24.4667,54.3667,78.82,78,20,3.44,AE,1636170948
isla mujeres,21.2311,-86.731,71.17,66,65,13.49,MX,1636170949
qarqin,37.4185,66.0436,36.55,23,2,8.93,AF,1636170950
le havre,49.4938,0.1077,47.32,81,90,10.36,FR,1636170950
lebanon,36.2081,-86.2911,45.21,88,1,0.0,US,1636170951
srednekolymsk,67.45,153.6833,6.22,86,100,4.41,RU,1636170952
biak,-0.9131,122.8766,82.72,72,84,0.51,ID,1636170954
ambilobe,-13.2,49.05,77.58,67,57,4.21,MG,1636170954
escuinapa,22.85,-105.8,73.98,82,24,3.02,MX,1636170956
saint-francois,46.4154,3.9054,35.04,100,90,2.3,FR,1636170956
morondava,-20.2833,44.2833,76.48,62,0,6.55,MG,1636170958
derzhavinsk,51.1,66.3167,26.73,25,46,13.85,KZ,1636170959
jhang,33.6748,72.6963,62.62,37,5,8.01,PK,1636170959
mount gambier,-37.8333,140.7667,71.51,56,75,8.05,AU,1636170960
luderitz,-26.6481,15.1594,57.15,74,30,15.14,NA,1636170961
llata,-9.4167,-76.7833,53.04,88,100,1.57,PE,1636170962
concordia,-31.393,-58.0209,60.78,67,65,10.0,AR,1636170964
chengde,40.9725,117.9361,42.33,83,100,7.56,CN,1636170965
pisco,-13.7,-76.2167,62.65,82,0,6.91,PE,1636170982
fenoarivo,-18.933,47.4354,66.27,82,75,4.61,MG,1636170983
soligalich,59.0778,42.2864,46.45,78,93,12.26,RU,1636170985
hovd,48.0056,91.6419,18.66,22,35,2.28,MN,1636170921
yokadouma,3.5167,15.05,68.72,98,98,1.21,CM,1636170986
parana,-31.732,-60.5238,58.46,76,86,6.46,AR,1636170988
kuah,6.3265,99.8432,86.02,84,20,4.61,MY,1636170989
east london,-33.0153,27.9116,65.34,82,40,4.61,ZA,1636170989
cap malheureux,-19.9842,57.6142,79.47,72,1,7.0,MU,1636170991
verkhoyansk,67.5447,133.385,7.88,66,46,18.84,RU,1636170992
troyes,48.3333,4.0833,41.22,93,90,3.44,FR,1636170994
pevek,69.7008,170.3133,-9.99,93,5,6.58,RU,1636171001
dickinson,29.4608,-95.0513,58.98,78,0,6.89,US,1636171002
longyearbyen,78.2186,15.6401,19.24,63,20,13.8,SJ,1636171004
souillac,-20.5167,57.5167,79.36,78,40,6.91,MU,1636171005
sao paulo de olivenca,-3.3783,-68.8725,73.98,96,94,1.54,BR,1636171007
yumen,40.2833,97.2,17.13,39,26,30.89,CN,1636171008
le pradet,43.1066,6.0172,53.64,49,0,8.05,FR,1636171008
lima,-12.0432,-77.0282,63.9,80,0,8.05,PE,1636171010
byumba,-1.5763,30.0675,53.8,86,96,0.6,RW,1636171011
boffa,10.1667,-14.0333,73.51,88,4,2.17,GN,1636171013
glen allen,37.666,-77.5064,38.57,89,99,4.72,US,1636171014
ternate,0.8,127.4,85.6,68,98,4.99,ID,1636171015
trat,12.5,102.5,91.26,71,55,2.75,TH,1636171015
muros,42.7762,-9.0603,50.99,77,17,8.93,ES,1636171015
faanui,-16.4833,-151.75,79.41,74,73,6.93,PF,1636171017
taltal,-25.4,-70.4833,60.8,76,0,1.97,CL,1636171018
fairbanks,64.8378,-147.7164,23.59,88,90,0.0,US,1636171020
havoysund,70.9963,24.6622,32.88,88,100,21.9,NO,1636171021
aykhal,66.0,111.5,3.33,97,87,9.31,RU,1636171022
yanam,16.7333,82.2167,79.2,69,92,9.44,IN,1636171024
marienburg,54.0359,19.0266,49.05,73,100,16.46,PL,1636171024
sereflikochisar,38.9393,33.5386,52.36,58,2,2.68,TR,1636171025
maniitsoq,65.4167,-52.9,23.59,56,97,10.6,GL,1636171027
shaoyang,27.2315,111.4525,68.32,84,87,7.16,CN,1636171028
general roca,-39.0333,-67.5833,63.0,26,59,8.86,AR,1636171028
goderich,43.7501,-81.7165,41.92,81,91,6.91,CA,1636171030
somerset east,-32.7217,25.588,55.51,94,100,8.05,ZA,1636171031
shakawe,-18.3667,21.85,75.27,55,98,4.05,BW,1636171033
haltern,51.743,7.1816,45.1,94,100,8.99,DE,1636171034
anadyr,64.75,177.4833,-7.1,77,0,11.18,RU,1636171035
bilma,18.6853,12.9164,76.3,16,85,6.15,NE,1636171037
mahajanga,-15.7167,46.3167,78.82,83,40,4.61,MG,1636171039
murovani kurylivtsi,48.7235,27.5189,51.75,66,100,9.1,UA,1636171040
kieta,-6.2167,155.6333,85.1,55,40,5.01,PG,1636171041
semey,50.4111,80.2275,17.82,73,0,17.9,KZ,1636171043
jamestown,42.097,-79.2353,36.72,92,2,4.83,US,1636171043
